-0.20
0.27  0.13
0.24  0.02 -0.04
0.30 -0.71 -0.12  0.27
-0.26  0.32  0.28  0.38 -1.34
0.21 -0.12 -0.05  0.12  0.04  0.14
0.43 -0.75 -0.01  0.40  0.46  0.10  0.45
-0.03  0.14  0.10  0.17 -0.09  0.20  0.48 -0.20
0.21  0.04  0.10 -0.22 -0.19  0.22 -0.11  0.23 -0.33
-0.35  0.18  0.55  0.54 -0.48  0.14  0.38  0.21  0.19 -0.60
-0.37  0.09  0.36  0.62 -0.50  0.08  0.37  0.14  0.10 -0.79 -0.81
0.20  0.50 -0.14 -0.69  0.35 -0.20 -0.87  0.12  0.26  0.21  0.16  0.38
-0.23  0.17  0.32  0.62 -0.49 -0.01  0.24  0.08 -0.17 -0.60 -0.68  0.22 -0.56
-0.33  0.08  0.29  0.48 -0.53 -0.04  0.34  0.11 -0.19 -0.65 -0.78  0.11 -0.89 -0.82
0.07 -0.02  0.13  0.25 -0.18 -0.05  0.26 -0.01 -0.05  0.05 -0.08  0.12 -0.16 -0.19 -0.07
0.15  0.12  0.14  0.01  0.09  0.25  0.10  0.10  0.15  0.35  0.26  0.10  0.32  0.10  0.17 0.13
0.00  0.00  0.00  0.00  0.00  0.00  0.00  0.00  0.00  0.00  0.00  0.00  0.00  0.00  0.00 0.00 0.00
-0.40 -0.41 -0.09  0.06 -0.74 -0.11 -0.15 -0.24 -0.46 -0.65 -0.70 -0.28 -0.94 -0.78 -0.73 0.07 0.00 -0.74
-0.15 -0.37  0.01 -0.07 -0.16 -0.18 -0.16 -0.04 -0.21 -0.33 -0.44 -0.40 -0.51 -0.49 -0.40 0.07 0.00 -0.55 -0.27
-0.38  0.17  0.39  0.66 -0.51  0.17  0.41  0.04  0.18 -0.68 -0.80  0.16 -0.47 -0.67 -0.08 0.25 0.00 -0.62 -0.27 -0.72