4.7
5.5 6.5
5.0 5.5 5.4
4.9 5.6 5.3 5.4
5.0 5.9 5.7 5.2 4.4
5.0 6.1 5.3 5.3 5.5 5.8
5.2 5.7 5.3 5.5 5.7 5.4 6.1
4.6 6.7 5.1 4.5 5.5 5.1 4.5 3.9
5.2 5.7 5.4 5.2 5.4 5.2 5.5 4.5 5.3
5.2 5.9 5.3 5.7 5.2 5.4 5.6 5.5 5.9 5.8
5.2 5.8 5.7 5.5 5.5 5.8 5.8 5.9 5.7 5.6 5.7
5.2 6.5 5.3 5.3 5.3 5.7 5.3 5.9 5.2 5.8 5.4 5.7
5.0 5.8 5.2 6.1 5.3 4.9 5.9 4.7 5.0 5.7 5.4 5.8 5.9
5.1 5.7 5.8 5.6 5.4 5.7 5.8 5.4 5.5 6.0 5.8 5.5 5.8 6.2
5.2 5.7 5.3 5.2 5.9 5.7 5.5 5.6 5.5 5.7 5.6 5.9 5.4 5.5 4.9
4.7 5.6 5.2 5.2 5.1 5.4 5.1 4.5 5.3 5.3 5.2 4.9 5.5 5.4 5.4 4.9
5.2 5.9 5.3 5.5 5.6 5.6 5.4 5.9 5.5 5.6 5.6 5.3 5.5 5.7 5.4 4.8 5.4
5.8 6.0 5.7 6.6 5.3 5.5 6.3 5.8 5.5 6.2 6.3 5.6 6.1 6.2 5.4 5.8 6.1 6.4
5.5 6.0 5.7 5.7 6.1 5.6 5.8 4.3 5.7 6.0 5.8 5.6 6.3 5.9 5.8 5.8 5.9 6.5 6.3
4.9 5.6 5.4 5.5 5.4 5.6 5.3 5.2 5.4 5.6 5.6 5.7 5.5 5.6 5.8 5.1 5.6 6.3 5.9 5.5