	volume	polar	hydro	access	charge	hyindex	waalsVolumn	Continuous encoding
A	0.189003436	0.395061728	0.0125	0.140571429	0	0	0.123762376	0
R	0.721649485	0.691358025	-0.177083333	0.905142857	1	0.25	0.742574257	0.05
N	0.403436426	0.827160494	0.052083333	0.509714286	0	1	0.36509901	0.1
D	0.274914089	1	-0.041666667	0.515428571	-1	1	0.344059406	0.15
C	0.30652921	0.074074074	0.102083333	0	0	0	0.300742574	0.2
Q	0.554639175	0.691358025	0.064583333	0.608	0	1	0.488861386	0.25
E	0.426116838	0.913580247	-0.020833333	0.602285714	-1	0.5	0.467821782	0.3
G	0	0.50617284	0.04375	0.102857143	0	0	0	0.35
H	0.542955326	0.679012346	-0.466666667	0.402285714	1	0.5	0.576732673	0.4
I	0.642611684	0.037037037	0.725	0.083428571	0	0	0.495049505	0.45
L	0.642611684	0	0.729166667	0.138285714	0	0	0.495049505	0.5
K	0.687285223	0.790123457	-0.3375	1	1	0.25	0.590346535	0.55
M	0.646735395	0.098765432	0.04375	0.205714286	0	0	0.548267327	0.6
F	0.793814433	0.037037037	1	0.114285714	0	0	0.728960396	0.65
P	0.287972509	0.382716049	0.147916667	0.411428571	0	0	0.336633663	0.7
S	0.20137457	0.530864198	-0.129166667	0.302857143	0	1	0.198019802	0.75
T	0.35257732	0.456790123	0.135416667	0.337142857	0	1	0.321782178	0.8
W	1	0.061728395	0.477083333	0.219428571	0	0.25	1	0.85
Y	0.806185567	0.160493827	0.39375	0.453714286	0	1	0.800742574	0.95
V	0.491408935	0.12345679	0.33125	0.093714286	0	0	0.371287129	1
-	0.9	0.9	0.9	0.9	0.9	0.9	0.9	0.9
